P     I     D
0.07 0.03 0.03


0.04 0.03 0.03 
0.03 0.03 0.03
0.02 0.03 0.03
0.05 0.03 0.03 De isch guet gsi brudi
0.06 0.03 0.03 zvill p

0.06 0.03 0.04 De isch guet, bruched meh oszilatione.
0.07 0.03 0.05

0.06 0.05 0.04 Integrator guetg gsi

0.06 0.04 0.04 not bad


0.065 0.04 0.04 zheftig
0.065 0.04 0.045
0.07 0.04 0.04: zimli guet


underdamped:
0.07 0.04 0.03 overshoot
0.07 0.04 0.035 overshoot
0.065 0.04 0.035 overshoot
0.065 0.04 0.038 not bad, 
0.065 0.01 0.038 oscillations! but steady state error in y
0.065 0.02 0.038 steady error in y

set integrator windup to higher limit
0.065 0.02 0.03 overshoot
0.06 0.02 0.03 mat
0.06 0.02 0.025
0.06 0.02 0.02
0.06 0.02 0.022
0.06 0.02 0.027
0.065 0.02 0.027

0.065 0.02 0.027
0.065 0.03 0.027: overshoot

0.065 0.01 0.027
0.065 0.015 0.027 DE ISCHS GSI


Critically damped:
0.05 0.015 0.027
0.05 0.02 0.027
0.05 0.025 0.027
0.045 0.025 0.027
0.04 0.025 0.027
0.035 0.025 0.027
0.03 0.025 0.027
0.03 0.025 0.05
0.03 0.025 0.04
0.025 0.025 0.04
0.025 0.025 0.06

0.025 0.025 0.03
0.02 0.025 0.03

0.02 0.025 0.03

0.045 0.03 0.04


0.045 0.03 0.04
0.045 0.035 0.04
0.045 0.03 0.04
0.045 0.03 0.03
0.045 0.03 0.035
0.045 0.03 0.037
0.045 0.03 0.038
0.045 0.03 0.039
0.045 0.027 0.039
0.043 0.027 0.039
0.042 0.027 0.039
0.041 0.027 0.039: Superguud



Overdamped
0.041 0.027 0.06

0.03 0.027 0.045

0.027 0.027 0.04
0.025 0.027 0.04
0.02 0.027 0.04

0.03 0.033 0.05
0.03 0.033 0.04

0.03 0.03 0.04
0.02 0.03 0.04

0.02 0.03 0.035
0.02 0.03 0.04
0.02 0.03 0.045
0.02 0.03 0.05
0.02 0.03 0.055
0.02 0.03 0.06
0.02 0.03 0.07
0.02 0.02 0.07
0.02 0.02 0.06
0.02 0.01 0.06

0.041 0.02 0.06
0.041 0.01 0.06
0.041 0.015 0.06

0.041 0.005 0.06
0.041 0.01 0.06
0.041 0.015 0.06
0.041 0.02 0.06

0.03 0.02 0.06
0.035 0.02 0.07
0.04 0.02 0.08

Circle:
0.041 0.027 0.039
0.041 0.01 0.039
0.041 0.03 0.039
0.041 0.035 0.039
0.041 0.037 0.039

0.045 0.035 0.039: DE ISCH DINE
0.047 0.035 0.039: JETZT AU UFEM VIDEO



















